1 1 9.1000 4.6000 0.0000 0.0000 -2.0000
1 2 8.9000 4.6000 0.0000 0.0000 -2.0000
1 3 8.7000 4.6000 0.0000 -0.7854 -2.0000
1 4 8.5100 4.6898 0.0448 -0.7854 -2.0000
1 5 8.3161 4.7709 0.0895 0.0000 -2.0000
1 6 8.1169 4.7530 0.0895 0.7854 -2.0000
1 7 7.9357 4.6467 0.0448 0.7854 -2.0000
1 8 7.7498 4.5485 0.0000 -0.7854 -2.0000
1 9 7.5598 4.6382 0.0448 0.7854 -2.0000
1 10 7.3740 4.5401 0.0000 -0.7854 -2.0000
1 11 7.1840 4.6298 0.0448 0.0000 -2.0000
1 12 6.9842 4.6209 0.0448 -0.7854 -2.0000
1 13 6.7903 4.7020 0.0895 0.7854 -2.0000
1 14 6.6090 4.5957 0.0448 -0.7854 -2.0000
1 15 6.4152 4.6768 0.0895 -0.7854 -2.0000
1 16 6.2179 4.7492 0.1343 0.0000 -2.0000
1 17 6.0197 4.7225 0.1343 -0.7854 -2.0000
1 18 5.8194 4.7860 0.1790 -0.7854 -2.0000
1 19 5.6164 4.8404 0.2238 -0.7854 -2.0000
1 20 5.4112 4.8858 0.2686 -0.7854 -2.0000
1 21 5.2041 4.9219 0.3133 -0.7854 -2.0000
1 22 4.9957 4.9487 0.3581 -0.7854 -2.0000
1 23 4.7862 4.9662 0.4028 0.0000 -2.0000
1 24 4.6023 4.8878 0.4028 0.0000 -2.0000
1 25 4.4183 4.8094 0.4028 0.0000 -2.0000
1 26 4.2343 4.7310 0.4028 -0.7854 -2.0000
1 27 4.0243 4.7390 0.4476 0.0000 -2.0000
1 28 3.8440 4.6525 0.4476 0.0000 -2.0000
1 29 3.6637 4.5659 0.4476 0.0000 -2.0000
1 30 3.4834 4.4794 0.4476 -0.7854 -2.0000
1 31 3.2732 4.4780 0.4924 0.0000 -2.0000
1 32 3.0970 4.3835 0.4924 0.0000 -2.0000
1 33 2.9207 4.2890 0.4924 0.0000 -2.0000
1 34 2.7445 4.1944 0.4924 -0.7854 -2.0000
1 35 2.5346 4.1837 0.5371 -0.7854 -2.0000
1 36 2.3254 4.1636 0.5819 0.0000 -2.0000
1 37 2.1583 4.0536 0.5819 0.0000 -2.0000
1 38 1.9912 3.9437 0.5819 0.0000 -2.0000
1 39 1.8241 3.8338 0.5819 0.0000 -2.0000
1 40 1.6570 3.7239 0.5819 0.0000 -2.0000
1 41 1.4900 3.6140 0.5819 0.0000 -2.0000
1 42 1.3229 3.5041 0.5819 0.0000 -2.0000
1 43 1.1558 3.3941 0.5819 0.0000 -2.0000
1 44 0.9887 3.2842 0.5819 -0.7854 -2.0000
1 45 0.7806 3.2548 0.6266 0.0000 -2.0000
1 46 0.6186 3.1375 0.6266 0.0000 -2.0000
1 47 0.4566 3.0202 0.6266 0.0000 -2.0000
1 48 0.2946 2.9029 0.6266 0.0000 -2.0000
1 49 0.1326 2.7856 0.6266 -0.7854 -2.0000
1 50 -0.0740 2.7469 0.6714 0.0000 -2.0000
1 51 -0.2305 2.6225 0.6714 0.0000 -2.0000
1 52 -0.3871 2.4981 0.6714 0.0000 -2.0000
1 53 -0.5437 2.3736 0.6714 0.7854 -2.0000
1 54 -0.6367 2.1851 0.6266 0.7854 -2.0000
1 55 -0.7380 2.0010 0.5819 0.7854 -2.0000
1 56 -0.8474 1.8216 0.5371 0.7854 -2.0000
1 57 -0.9647 1.6472 0.4924 0.7854 -2.0000
1 58 -1.0898 1.4783 0.4476 0.7854 -2.0000
1 59 -1.2222 1.3151 0.4028 0.7854 -2.0000
1 60 -1.3619 1.1581 0.3581 -0.7854 2.0000
1 61 -1.1534 1.1312 0.3133 0.7854 -2.0000
1 62 -1.3065 0.9873 0.2686 0.7854 -2.0000
1 63 -1.4659 0.8503 0.2238 -0.7854 2.0000
1 64 -1.2630 0.7958 0.1790 -0.7854 2.0000
1 65 -1.0626 0.7323 0.1343 -0.7854 2.0000
1 66 -0.8653 0.6599 0.0895 -0.7854 2.0000
1 67 -0.6715 0.5788 0.0448 0.7854 -2.0000
1 68 -0.8573 0.4806 0.0000 -0.7854 2.0000
1 69 -0.6715 0.3824 -0.0448 0.0000 0.0000
2 1 6.3000 5.0600 0.0000 -0.7854 -2.0000
2 2 6.1100 5.1498 0.0448 -0.7854 -2.0000
2 3 5.9161 5.2309 0.0895 -0.7854 -2.0000
2 4 5.7188 5.3033 0.1343 -0.7854 -2.0000
2 5 5.5185 5.3668 0.1790 -0.7854 -2.0000
2 6 5.3155 5.4213 0.2238 -0.7854 -2.0000
2 7 5.1103 5.4667 0.2686 0.0000 -2.0000
2 8 4.9175 5.4136 0.2686 0.0000 -2.0000
2 9 4.7246 5.3605 0.2686 -0.7854 -2.0000
2 10 4.5176 5.3966 0.3133 -0.7854 -2.0000
2 11 4.3091 5.4235 0.3581 0.0000 -2.0000
2 12 4.1218 5.3534 0.3581 -0.7854 -2.0000
2 13 3.9124 5.3708 0.4028 -0.7854 -2.0000
2 14 3.7024 5.3789 0.4476 -0.7854 -2.0000
2 15 3.4922 5.3776 0.4924 -0.7854 -2.0000
2 16 3.2823 5.3668 0.5371 -0.7854 -2.0000
2 17 3.0731 5.3467 0.5819 -0.7854 -2.0000
2 18 2.8650 5.3173 0.6266 0.7854 -2.0000
2 19 2.7638 5.1331 0.5819 -0.7854 -2.0000
2 20 2.5557 5.1037 0.6266 0.7854 -2.0000
2 21 2.4544 4.9195 0.5819 -0.7854 -2.0000
2 22 2.2463 4.8901 0.6266 0.7854 -2.0000
2 23 2.1450 4.7059 0.5819 0.0000 -2.0000
2 24 1.9779 4.5960 0.5819 0.0000 -2.0000
2 25 1.8108 4.4861 0.5819 0.0000 -2.0000
2 26 1.6437 4.3762 0.5819 0.0000 -2.0000
2 27 1.4767 4.2663 0.5819 0.0000 -2.0000
2 28 1.3096 4.1563 0.5819 0.0000 -2.0000
2 29 1.1425 4.0464 0.5819 -0.7854 -2.0000
2 30 0.9344 4.0170 0.6266 0.0000 -2.0000
2 31 0.7724 3.8997 0.6266 0.0000 -2.0000
2 32 0.6104 3.7824 0.6266 0.7854 -2.0000
2 33 0.5091 3.5983 0.5819 -0.7854 -2.0000
2 34 0.3010 3.5688 0.6266 0.0000 -2.0000
2 35 0.1390 3.4515 0.6266 0.0000 -2.0000
2 36 -0.0230 3.3342 0.6266 0.0000 -2.0000
2 37 -0.1850 3.2169 0.6266 0.0000 -2.0000
2 38 -0.3470 3.0997 0.6266 0.0000 -2.0000
2 39 -0.5090 2.9824 0.6266 -0.7854 -2.0000
2 40 -0.7156 2.9436 0.6714 0.7854 -2.0000
2 41 -0.8085 2.7552 0.6266 -0.7854 -2.0000
2 42 -1.0151 2.7164 0.6714 0.7854 -2.0000
2 43 -1.1080 2.5279 0.6266 0.7854 -2.0000
2 44 -1.2093 2.3438 0.5819 0.7854 -2.0000
2 45 -1.3187 2.1644 0.5371 0.7854 -2.0000
2 46 -1.4361 1.9900 0.4924 0.7854 -2.0000
2 47 -1.5611 1.8211 0.4476 -0.7854 2.0000
2 48 -1.3511 1.8130 0.4028 0.7854 -2.0000
2 49 -1.4907 1.6559 0.3581 -0.7854 2.0000
2 50 -1.2823 1.6291 0.3133 0.7854 -2.0000
2 51 -1.4354 1.4852 0.2686 -0.7854 2.0000
2 52 -1.2302 1.4398 0.2238 0.7854 -2.0000
2 53 -1.3956 1.3101 0.1790 -0.7854 2.0000
2 54 -1.1952 1.2466 0.1343 0.7854 -2.0000
2 55 -1.3715 1.1322 0.0895 -0.7854 2.0000
2 56 -1.1777 1.0511 0.0448 0.7854 -2.0000
2 57 -1.3635 0.9529 0.0000 -0.7854 2.0000
2 58 -1.1777 0.8547 -0.0448 -0.7854 2.0000
2 59 -0.9964 0.7483 -0.0895 0.7854 -2.0000
2 60 -1.1937 0.6759 -0.1343 -0.7854 2.0000
2 61 -1.0227 0.5538 -0.1790 -0.7854 2.0000
2 62 -0.8573 0.4241 -0.2238 -0.7854 2.0000
2 63 -0.6979 0.2871 -0.2686 0.0000 2.0000
2 64 -0.5051 0.2340 -0.2686 0.0000 2.0000
2 65 -0.3123 0.1810 -0.2686 0.7854 2.0000
2 66 -0.1071 0.2263 -0.2238 0.0000 0.0000
3 1 9.6000 3.1500 0.0000 0.7854 -2.0000
3 2 9.4100 3.0602 -0.0448 0.0000 -2.0000
3 3 9.2102 3.0692 -0.0448 0.0000 -2.0000
3 4 9.0104 3.0781 -0.0448 0.0000 -2.0000
3 5 8.8106 3.0871 -0.0448 0.7854 -2.0000
3 6 8.6167 3.0059 -0.0895 -0.7854 -2.0000
3 7 8.4355 3.1123 -0.0448 -0.7854 -2.0000
3 8 8.2496 3.2105 0.0000 0.0000 -2.0000
3 9 8.0496 3.2105 0.0000 0.0000 -2.0000
3 10 7.8496 3.2105 0.0000 -0.7854 -2.0000
3 11 7.6596 3.3002 0.0448 0.7854 -2.0000
3 12 7.4738 3.2021 0.0000 -0.7854 -2.0000
3 13 7.2838 3.2918 0.0448 0.0000 -2.0000
3 14 7.0840 3.2829 0.0448 -0.7854 -2.0000
3 15 6.8901 3.3640 0.0895 -0.7854 -2.0000
3 16 6.6928 3.4365 0.1343 -0.7854 -2.0000
3 17 6.4925 3.5000 0.1790 -0.7854 -2.0000
3 18 6.2895 3.5544 0.2238 -0.7854 -2.0000
3 19 6.0843 3.5998 0.2686 -0.7854 -2.0000
3 20 5.8772 3.6359 0.3133 0.0000 -2.0000
3 21 5.6870 3.5743 0.3133 0.0000 -2.0000
3 22 5.4967 3.5126 0.3133 0.0000 -2.0000
3 23 5.3064 3.4510 0.3133 0.0000 -2.0000
3 24 5.1162 3.3893 0.3133 0.0000 -2.0000
3 25 4.9259 3.3277 0.3133 0.0000 -2.0000
3 26 4.7357 3.2660 0.3133 -0.7854 -2.0000
3 27 4.5272 3.2929 0.3581 0.0000 -2.0000
3 28 4.3399 3.2228 0.3581 0.0000 -2.0000
3 29 4.1526 3.1527 0.3581 0.0000 -2.0000
3 30 3.9653 3.0826 0.3581 -0.7854 -2.0000
3 31 3.7558 3.1000 0.4028 0.0000 -2.0000
3 32 3.5718 3.0216 0.4028 0.0000 -2.0000
3 33 3.3878 2.9432 0.4028 0.0000 -2.0000
3 34 3.2039 2.8648 0.4028 -0.7854 -2.0000
3 35 2.9938 2.8729 0.4476 -0.7854 -2.0000
3 36 2.7837 2.8716 0.4924 -0.7854 -2.0000
3 37 2.5738 2.8608 0.5371 0.0000 -2.0000
3 38 2.4020 2.7585 0.5371 -0.7854 -2.0000
3 39 2.1928 2.7384 0.5819 0.0000 -2.0000
3 40 2.0257 2.6285 0.5819 0.0000 -2.0000
3 41 1.8586 2.5185 0.5819 0.0000 -2.0000
3 42 1.6915 2.4086 0.5819 0.0000 -2.0000
3 43 1.5244 2.2987 0.5819 0.0000 -2.0000
3 44 1.3573 2.1888 0.5819 0.7854 -2.0000
3 45 1.2479 2.0094 0.5371 0.7854 -2.0000
3 46 1.1306 1.8350 0.4924 0.7854 -2.0000
3 47 1.0055 1.6661 0.4476 0.7854 -2.0000
3 48 0.8731 1.5029 0.4028 -0.7854 -2.0000
3 49 0.6631 1.5110 0.4476 0.7854 -2.0000
3 50 0.5306 1.3478 0.4028 0.7854 -2.0000
3 51 0.3910 1.1908 0.3581 0.7854 -2.0000
3 52 0.2444 1.0401 0.3133 0.7854 -2.0000
3 53 0.0913 0.8961 0.2686 0.7854 -2.0000
3 54 -0.0681 0.7592 0.2238 0.7854 -2.0000
3 55 -0.2335 0.6295 0.1790 0.7854 -2.0000
3 56 -0.4045 0.5073 0.1343 -0.7854 2.0000
3 57 -0.2072 0.4349 0.0895 0.7854 -2.0000
3 58 -0.3884 0.3285 0.0448 -0.7854 2.0000
3 59 -0.1984 0.2388 0.0000 0.0000 0.0000
4 1 7.3000 5.7500 0.0000 -0.7854 -2.0000
4 2 7.1100 5.8398 0.0448 -0.7854 -2.0000
4 3 6.9161 5.9209 0.0895 -0.7854 -2.0000
4 4 6.7188 5.9933 0.1343 -0.7854 -2.0000
4 5 6.5185 6.0568 0.1790 -0.7854 -2.0000
4 6 6.3155 6.1113 0.2238 0.0000 -2.0000
4 7 6.1205 6.0669 0.2238 0.0000 -2.0000
4 8 5.9255 6.0225 0.2238 0.0000 -2.0000
4 9 5.7305 5.9782 0.2238 0.0000 -2.0000
4 10 5.5354 5.9338 0.2238 0.0000 -2.0000
4 11 5.3404 5.8894 0.2238 -0.7854 -2.0000
4 12 5.1352 5.9347 0.2686 -0.7854 -2.0000
4 13 4.9282 5.9708 0.3133 -0.7854 -2.0000
4 14 4.7197 5.9977 0.3581 0.0000 -2.0000
4 15 4.5324 5.9276 0.3581 0.0000 -2.0000
4 16 4.3451 5.8575 0.3581 0.0000 -2.0000
4 17 4.1578 5.7874 0.3581 0.0000 -2.0000
4 18 3.9705 5.7173 0.3581 0.0000 -2.0000
4 19 3.7832 5.6472 0.3581 -0.7854 -2.0000
4 20 3.5737 5.6647 0.4028 -0.7854 -2.0000
4 21 3.3637 5.6727 0.4476 -0.7854 -2.0000
4 22 3.1536 5.6714 0.4924 -0.7854 -2.0000
4 23 2.9437 5.6607 0.5371 -0.7854 -2.0000
4 24 2.7345 5.6406 0.5819 -0.7854 -2.0000
4 25 2.5264 5.6111 0.6266 0.0000 -2.0000
4 26 2.3644 5.4938 0.6266 0.0000 -2.0000
4 27 2.2024 5.3765 0.6266 0.0000 -2.0000
4 28 2.0404 5.2592 0.6266 0.0000 -2.0000
4 29 1.8784 5.1420 0.6266 0.7854 -2.0000
4 30 1.7771 4.9578 0.5819 -0.7854 -2.0000
4 31 1.5690 4.9284 0.6266 -0.7854 -2.0000
4 32 1.3624 4.8896 0.6714 0.7854 -2.0000
4 33 1.2695 4.7011 0.6266 -0.7854 -2.0000
4 34 1.0629 4.6624 0.6714 -0.7854 -2.0000
4 35 0.8583 4.6145 0.7162 -0.7854 -2.0000
4 36 0.6560 4.5574 0.7609 -0.7854 -2.0000
4 37 0.4565 4.4914 0.8057 0.7854 -2.0000
4 38 0.3896 4.2921 0.7609 0.7854 -2.0000
4 39 0.3139 4.0961 0.7162 0.7854 -2.0000
4 40 0.2295 3.9036 0.6714 0.7854 -2.0000
4 41 0.1365 3.7151 0.6266 -0.7854 -2.0000
4 42 -0.0700 3.6764 0.6714 0.7854 -2.0000
4 43 -0.1630 3.4879 0.6266 -0.7854 -2.0000
4 44 -0.3695 3.4492 0.6714 0.7854 -2.0000
4 45 -0.4625 3.2607 0.6266 -0.7854 -2.0000
4 46 -0.6690 3.2219 0.6714 0.7854 -2.0000
4 47 -0.7620 3.0335 0.6266 -0.7854 -2.0000
4 48 -0.9686 2.9947 0.6714 0.7854 -2.0000
4 49 -1.0615 2.8062 0.6266 0.7854 -2.0000
4 50 -1.1628 2.6221 0.5819 0.7854 -2.0000
4 51 -1.2722 2.4427 0.5371 0.7854 -2.0000
4 52 -1.3896 2.2683 0.4924 0.7854 -2.0000
4 53 -1.5146 2.0994 0.4476 0.7854 -2.0000
4 54 -1.6471 1.9362 0.4028 -0.7854 2.0000
4 55 -1.4376 1.9188 0.3581 -0.7854 2.0000
4 56 -1.2292 1.8919 0.3133 0.7854 -2.0000
4 57 -1.3823 1.7480 0.2686 0.7854 -2.0000
4 58 -1.5417 1.6110 0.2238 -0.7854 2.0000
4 59 -1.3387 1.5565 0.1790 0.7854 -2.0000
4 60 -1.5097 1.4344 0.1343 -0.7854 2.0000
4 61 -1.3124 1.3620 0.0895 0.7854 -2.0000
4 62 -1.4937 1.2556 0.0448 -0.7854 2.0000
4 63 -1.3037 1.1658 0.0000 -0.7854 2.0000
4 64 -1.1178 1.0676 -0.0448 0.7854 -2.0000
4 65 -1.3117 0.9865 -0.0895 -0.7854 2.0000
4 66 -1.1354 0.8721 -0.1343 -0.7854 2.0000
4 67 -0.9644 0.7499 -0.1790 -0.7854 2.0000
4 68 -0.7990 0.6202 -0.2238 -0.7854 2.0000
4 69 -0.6396 0.4833 -0.2686 0.0000 2.0000
4 70 -0.4468 0.4302 -0.2686 0.0000 2.0000
4 71 -0.2539 0.3771 -0.2686 0.0000 2.0000
4 72 -0.0611 0.3241 -0.2686 0.0000 2.0000
4 73 0.1317 0.2710 -0.2686 0.0000 2.0000
4 74 0.3246 0.2179 -0.2686 0.0000 2.0000
4 75 0.5174 0.1649 -0.2686 0.7854 2.0000
4 76 0.7226 0.2102 -0.2238 0.0000 0.0000
5 1 10.1000 6.2100 0.0000 -0.7854 -2.0000
5 2 9.9100 6.2998 0.0448 -0.7854 -2.0000
5 3 9.7161 6.3809 0.0895 0.0000 -2.0000
5 4 9.5169 6.3630 0.0895 -0.7854 -2.0000
5 5 9.3196 6.4355 0.1343 0.0000 -2.0000
5 6 9.1214 6.4087 0.1343 0.0000 -2.0000
5 7 8.9232 6.3819 0.1343 0.0000 -2.0000
5 8 8.7250 6.3551 0.1343 0.0000 -2.0000
5 9 8.5268 6.3284 0.1343 0.7854 -2.0000
5 10 8.3505 6.2140 0.0895 0.0000 -2.0000
5 11 8.1513 6.1961 0.0895 0.0000 -2.0000
5 12 7.9521 6.1782 0.0895 0.0000 -2.0000
5 13 7.7529 6.1603 0.0895 0.0000 -2.0000
5 14 7.5537 6.1424 0.0895 0.0000 -2.0000
5 15 7.3545 6.1246 0.0895 -0.7854 -2.0000
5 16 7.1572 6.1970 0.1343 -0.7854 -2.0000
5 17 6.9569 6.2605 0.1790 0.0000 -2.0000
5 18 6.7601 6.2249 0.1790 -0.7854 -2.0000
5 19 6.5571 6.2793 0.2238 0.0000 -2.0000
5 20 6.3621 6.2350 0.2238 0.0000 -2.0000
5 21 6.1671 6.1906 0.2238 0.0000 -2.0000
5 22 5.9721 6.1462 0.2238 0.0000 -2.0000
5 23 5.7771 6.1018 0.2238 0.0000 -2.0000
5 24 5.5820 6.0574 0.2238 0.0000 -2.0000
5 25 5.3870 6.0130 0.2238 -0.7854 -2.0000
5 26 5.1818 6.0584 0.2686 -0.7854 -2.0000
5 27 4.9748 6.0945 0.3133 0.0000 -2.0000
5 28 4.7845 6.0328 0.3133 -0.7854 -2.0000
5 29 4.5761 6.0597 0.3581 0.0000 -2.0000
5 30 4.3888 5.9896 0.3581 0.0000 -2.0000
5 31 4.2014 5.9195 0.3581 0.0000 -2.0000
5 32 4.0141 5.8494 0.3581 0.0000 -2.0000
5 33 3.8268 5.7793 0.3581 0.0000 -2.0000
5 34 3.6395 5.7092 0.3581 -0.7854 -2.0000
5 35 3.4301 5.7266 0.4028 -0.7854 -2.0000
5 36 3.2201 5.7347 0.4476 -0.7854 -2.0000
5 37 3.0099 5.7334 0.4924 -0.7854 -2.0000
5 38 2.8000 5.7227 0.5371 -0.7854 -2.0000
5 39 2.5908 5.7025 0.5819 0.0000 -2.0000
5 40 2.4237 5.5926 0.5819 0.0000 -2.0000
5 41 2.2566 5.4827 0.5819 0.0000 -2.0000
5 42 2.0895 5.3728 0.5819 0.0000 -2.0000
5 43 1.9225 5.2629 0.5819 0.0000 -2.0000
5 44 1.7554 5.1529 0.5819 -0.7854 -2.0000
5 45 1.5473 5.1235 0.6266 -0.7854 -2.0000
5 46 1.3407 5.0848 0.6714 0.7854 -2.0000
5 47 1.2478 4.8963 0.6266 -0.7854 -2.0000
5 48 1.0412 4.8575 0.6714 -0.7854 -2.0000
5 49 0.8366 4.8096 0.7162 -0.7854 -2.0000
5 50 0.6343 4.7525 0.7609 -0.7854 -2.0000
5 51 0.4348 4.6865 0.8057 -0.7854 -2.0000
5 52 0.2384 4.6116 0.8504 0.7854 -2.0000
5 53 0.1805 4.4096 0.8057 0.7854 -2.0000
5 54 0.1137 4.2103 0.7609 0.7854 -2.0000
5 55 0.0379 4.0143 0.7162 0.7854 -2.0000
5 56 -0.0465 3.8218 0.6714 0.7854 -2.0000
5 57 -0.1394 3.6333 0.6266 -0.7854 -2.0000
5 58 -0.3460 3.5946 0.6714 0.7854 -2.0000
5 59 -0.4389 3.4061 0.6266 -0.7854 -2.0000
5 60 -0.6455 3.3674 0.6714 0.7854 -2.0000
5 61 -0.7385 3.1789 0.6266 -0.7854 -2.0000
5 62 -0.9450 3.1401 0.6714 0.7854 -2.0000
5 63 -1.0380 2.9517 0.6266 0.7854 -2.0000
5 64 -1.1393 2.7675 0.5819 0.7854 -2.0000
5 65 -1.2487 2.5881 0.5371 0.7854 -2.0000
5 66 -1.3660 2.4137 0.4924 0.7854 -2.0000
5 67 -1.4911 2.2448 0.4476 0.7854 -2.0000
5 68 -1.6235 2.0816 0.4028 -0.7854 2.0000
5 69 -1.4141 2.0642 0.3581 0.7854 -2.0000
5 70 -1.5606 1.9135 0.3133 -0.7854 2.0000
5 71 -1.3536 1.8774 0.2686 0.7854 -2.0000
5 72 -1.5130 1.7404 0.2238 -0.7854 2.0000
5 73 -1.3100 1.6860 0.1790 0.7854 -2.0000
5 74 -1.4810 1.5638 0.1343 -0.7854 2.0000
5 75 -1.2837 1.4914 0.0895 0.7854 -2.0000
5 76 -1.4650 1.3850 0.0448 -0.7854 2.0000
5 77 -1.2749 1.2952 0.0000 0.7854 -2.0000
5 78 -1.4650 1.2055 -0.0448 -0.7854 2.0000
5 79 -1.2837 1.0991 -0.0895 -0.7854 2.0000
5 80 -1.1074 0.9847 -0.1343 -0.7854 2.0000
5 81 -0.9364 0.8625 -0.1790 -0.7854 2.0000
5 82 -0.7710 0.7328 -0.2238 -0.7854 2.0000
5 83 -0.6116 0.5959 -0.2686 0.0000 2.0000
5 84 -0.4188 0.5428 -0.2686 0.0000 2.0000
5 85 -0.2260 0.4897 -0.2686 0.0000 2.0000
5 86 -0.0331 0.4367 -0.2686 0.0000 2.0000
5 87 0.1597 0.3836 -0.2686 -0.7854 -2.0000
5 88 0.0003 0.5206 -0.2238 -0.7854 -2.0000
5 89 -0.1651 0.6503 -0.1790 0.7854 -2.0000
5 90 -0.3681 0.5958 -0.2238 -0.7854 2.0000
5 91 -0.2087 0.4588 -0.2686 0.0000 2.0000
5 92 -0.0158 0.4057 -0.2686 0.0000 2.0000
5 93 0.1770 0.3527 -0.2686 -0.7854 -2.0000
5 94 0.0176 0.4896 -0.2238 0.0000 0.0000
